6584 15650 16198 11003 4256 16038 15381 5826 12345 5212
8588 1075 17894 13325 3614 16234 8836 5595 17453 15074
11359 17706 11417 985 12799 2993 4336 11061 17820 2818
15466 1662 17043 1216 15163 5112 3243 1685 1948 717
10547 9415 9738 7273 6582 8230 2601 11906 2601 8721
9906 11093 798 6185 12596 14340 2693 639 14340 2463
11072 16472 15664 17820 13938 2961 2423 16644 5459 3976
15374 8138 10188 14909 15374 6141 2313 1139 1869 13909
6929 14891 5026 16333 16656 10709 13206 639 10834 12277
1080 761 501 16332 12702 4957 15108 7874 11425 15003
13910 7725 17145 579 15650 10802 12568 12047 13143 8869
2991 14143 3855 5234 9617 421 15611 4026 4212 6435
11572 15428 12534 18204 8034 8312 13416 7347 3248 14340
8138 6285 613 4765 10387 3248 9773 7564 143 10605
12960 2927 1924 6174 9914 16940 671 17265 3941 9436
6285 5429 14084 6610 14704 13367 650 782 3375 12914
650 782 